
1603544227
1603545589
1609393347
1609946228
1613549023
1613549114
1613630843
1613937689
1613937784
1613981004
1613982836
1613983344
1613984740
1614001308
1614001569
1614001715
1614013725
1614052776
1614067239
1614067942
1614074827
1614077866
1614078843
1614079437
1614079518
1614080161
1614090741
1614093457
1614093477
1614093715
1614095286
1614108118
1614187829
1614321475
1614340976
1614420843
1614422080
1614422375
1614432420
1614433419
1614436986
1614498489
1614499314
1614499504
1614501486
1614501805
1614677496
1614811414
1614811729
1614811877
1614812230
1614812414
1614832702
1614832893
1614834593
1614837440
1614846651
1614847501
1614847856
1614848108
1614848508
1614849027
1614849161
1614854725
1614855069
1614855656
1614856100
1614857271
1614926637
1615007793
1615008745
1615010397
1615015217
1615015702
1615018174
1615018918
1615022879
1615024598
1615024656
1615026041
1615028284
1615028627
1615028671
1615031050
1615037621
1615127351
1615136200
1615178806
1615180005
1615180156
1615181430
1615183274
1615186914
1615187089